$ 1 0.000005 10.20027730826997 50 5 43
156 -16 256 32 256 0 0
156 176 256 224 256 0 0
156 368 256 416 256 0 5
L -16 288 -64 288 0 0 false 5 0
w -32 320 -32 256 0
w -32 256 -32 208 0
w 176 320 160 320 0
w 176 256 160 256 0
w 160 320 160 256 0
w 368 320 352 320 0
w 368 256 352 256 0
w 352 320 352 256 0
w 352 256 352 208 0
w 352 208 160 208 0
w 160 208 160 256 0
w 160 208 -32 208 0
w -16 256 -32 256 0
w -16 320 -32 320 0
L -32 208 -80 208 0 1 false 5 0
w 80 256 96 256 0
w 176 288 96 288 0
w 96 288 96 256 0
w 368 288 288 288 0
w 272 256 288 256 0
w 288 256 288 288 0
w 96 256 96 144 0
w 288 256 288 144 0
w 464 256 464 144 0
x 122 173 139 176 4 24 C
x 314 172 330 175 4 24 B
x 489 174 505 177 4 24 A
157 944 0 1088 0 0 7 0 0
w 912 0 912 -112 0
150 688 -192 768 -192 0 3 0 5
152 816 -112 896 -112 0 3 0 5
w 816 -128 816 -192 0
w 816 -192 768 -192 0
w 816 -112 768 -112 0
150 688 -128 768 -128 0 3 0 5
w 768 -128 768 -112 0
w 816 -96 320 -96 0
w 288 80 288 -128 0
I 288 144 288 80 0 0.5 5
w 288 144 320 144 0
w 320 144 320 -96 0
I 96 144 96 80 0 0.5 5
I 464 144 464 80 0 0.5 5
w 688 -112 464 -112 0
w 464 -112 464 80 0
w 464 144 496 144 0
w 96 144 128 144 0
w 688 -128 288 -128 0
w 688 -144 96 -144 0
w 96 80 96 -144 0
w 688 -176 496 -176 0
w 496 -176 496 144 0
w 688 -208 128 -208 0
w 128 -208 128 144 0
w 688 -192 288 -192 0
w 288 -192 288 -128 0
152 816 -32 896 -32 0 3 5 5
w 816 -16 512 -16 0
w 512 -16 512 80 0
w 512 80 464 80 0
150 736 -48 816 -48 0 2 0 5
w 736 -64 336 -64 0
w 336 -64 336 144 0
w 336 144 320 144 0
w 736 -32 144 -32 0
w 144 -32 144 144 0
w 144 144 128 144 0
w 912 0 944 0 0
w 896 -112 912 -112 0
w 896 -32 896 32 0
w 896 32 944 32 0
152 816 48 896 48 0 3 5 5
w 896 48 896 64 0
w 896 64 944 64 0
w 816 48 160 48 0
w 160 48 160 144 0
w 160 144 144 144 0
w 816 64 304 64 0
w 304 64 304 80 0
w 304 80 288 80 0
150 736 16 816 16 0 2 5 5
w 816 32 816 16 0
w 736 32 528 32 0
w 528 32 528 144 0
w 528 144 496 144 0
w 736 0 112 0 0
w 112 0 112 80 0
w 112 80 96 80 0
152 864 112 944 112 0 4 0 5
w 944 96 944 112 0
150 736 96 816 96 0 2 0 5
150 736 192 816 192 0 2 0 5
150 640 240 720 240 0 2 0 5
150 640 144 720 144 0 3 0 5
w 864 80 816 80 0
w 816 80 816 96 0
w 864 96 832 96 0
w 832 96 832 144 0
w 832 144 720 144 0
w 864 144 864 240 0
w 864 240 720 240 0
w 864 128 848 128 0
w 848 128 848 192 0
w 848 192 816 192 0
w 736 80 512 80 0
w 736 112 352 112 0
w 352 112 352 144 0
w 352 144 336 144 0
w 640 128 544 128 0
w 544 128 544 144 0
w 544 144 528 144 0
w 640 144 608 144 0
w 304 80 416 80 0
w 416 80 416 160 0
w 416 160 640 160 0
w 608 176 160 176 0
w 608 144 608 176 0
w 160 176 160 144 0
w 512 80 512 192 0
w 512 192 720 192 0
w 720 192 736 192 0
w 736 192 736 176 0
w 736 208 384 208 0
w 384 208 384 32 0
w 384 32 176 32 0
w 112 80 176 80 0
w 176 32 176 80 0
w 384 208 384 224 0
w 384 224 640 224 0
w 352 144 448 144 0
w 448 144 448 240 0
w 448 240 640 240 0
w 640 240 640 256 0
152 944 208 944 128 0 2 0 5
w 944 128 1008 128 0
w 736 160 832 160 0
w 832 160 832 288 0
w 736 160 736 176 0
150 896 288 896 208 0 2 0 5
w 832 288 880 288 0
w 928 208 896 208 0
w 736 208 736 304 0
w 736 304 912 304 0
w 912 304 912 288 0
150 960 288 960 208 0 2 0 5
w 640 256 640 320 0
w 640 320 944 320 0
w 944 288 944 320 0
w 912 304 976 304 0
w 976 304 976 288 0
152 1040 208 1040 144 0 3 5 5
w 1040 128 1040 144 0
150 1024 288 1024 208 0 2 5 5
150 1056 384 1056 304 0 2 5 5
w 1056 304 1056 224 0
w 1056 224 1040 224 0
w 1040 224 1040 208 0
w 1056 208 1088 208 0
150 1088 304 1088 224 0 2 5 5
w 1088 208 1088 224 0
w 640 160 640 176 0
w 640 176 624 176 0
w 624 176 624 336 0
w 624 336 1040 336 0
w 1040 336 1040 288 0
w 1008 288 1008 304 0
w 1008 304 976 304 0
w 1040 336 1040 384 0
w 544 144 544 352 0
w 544 352 1008 352 0
w 1008 352 1008 368 0
w 1008 368 1008 400 0
w 1072 384 1072 400 0
w 1072 400 1008 400 0
w 1072 304 1072 384 0
w 1104 304 1008 304 0
152 1136 112 1136 192 0 3 5 5
150 1040 -64 1120 -64 0 2 0 5
150 1040 -128 1120 -128 0 2 5 5
150 1040 -192 1120 -192 0 2 5 5
w 1120 -64 1120 112 0
w 1136 112 1136 -128 0
w 1136 -128 1120 -128 0
w 1152 112 1152 -192 0
w 1152 -192 1120 -192 0
w 1136 192 1072 192 0
w 1072 192 1072 128 0
w 512 -16 512 -48 0
w 512 -48 512 -80 0
w 512 -80 1040 -80 0
w 816 -96 816 -64 0
w 816 -64 1040 -64 0
w 1040 -64 1040 -48 0
w 688 -176 688 -160 0
w 688 -160 928 -160 0
w 928 -160 928 -112 0
w 928 -112 1040 -112 0
w 288 -192 288 -224 0
w 288 -224 944 -224 0
w 944 -224 944 -144 0
w 944 -144 1040 -144 0
w 1040 -176 1024 -176 0
w 928 -160 1024 -160 0
w 1024 -160 1024 -176 0
w 96 -144 96 -240 0
w 96 -240 1040 -240 0
w 1040 -240 1040 -208 0
150 192 -80 272 -80 0 2 5 5
w 272 -48 784 -48 0
w 784 -48 784 -32 0
w 784 -32 816 -32 0
w 272 -48 272 -80 0
w 112 0 112 -96 0
w 112 -96 192 -96 0
w 288 80 192 80 0
w 192 80 192 -64 0
